0.99142
0.000001
0.561234
0.999997
0.999258
0.998341
0.921711
0.000001
0.998667
0.96234
0.324804
0.994398
0.237378
0.116472
0.96108
0.788744
0.000001
0.320232
0.000001
0.09266
0.779598
0.999894
0.769822
0.989176
0.909718
0.780402
0.960773
0.995187
0.482606
0.903671
0.996387
0.247084
0.000001
0.998365
0.000001
0.999387
1
0.95342
0.971268
0.000001
0.216434
0.871309
0.000001
0.669247
0.109678
0.963965
0.981922
0.937731
0.073062
0.413145
0.631574
0.964445
0.99618
0.938741
0.90564
0.91474
0.000001
0.744822
0.903646
0.99982
0.989182
0.987319
0.756308
0.863142
0.174229
0.000001
0.187913
0.788329
0.565786
0.110425
0.989484
0.999992
0.070803
0.585602
0.998904
0.153682
0.798056
0.950174
0.999903
0.998423
0.954964
0.487671
0.392868
0.000001
0.985025
0.000001
0.000001
0.99932
0.999954
0.000001
0.998478
0.983474
0.000001
0.384709
0.000001
0.991598
0.98018
0.82571
0.99707
0.766997
0.000001
0.996443
0.999175
0.766897
0.999629
0.999946
0.956439
0.988954
0.34682
0.109287
0.000001
0.999274
0.998226
0.249688
0.998784
0.154672
0.000001
0.989903
0.497906
0.157965
0.000001
0.352817
0.133865
0.999979
0.000001
0.961141
0.000001
0.741399
0.625342
0.33345
0.000001
0.084397
0.997406
0.055236
0.000001
0.000001
0.927781
0.962518
0.998343
0.691393
0.925647
0.999805
0.000001
0.607237
0.999899
0.101115
0.713656
0.476518
0.998577
0.999617
0.918299
0.128542
0.743158
0.999998
0.708272
0.061745
0.999994
0.811896
0.809005
0.999398
0.000001
0.999009
0.000001
0.000001
0.000001
0.999965
0.569123
0.999979
0.999122
0.999963
0.998847
0.088094
0.999869
0.999532
0.764138
0.98949
0.991419
0.924492
0.111995
0.000001
0.998652
0.127464
0.998854
0.000001
0.100172
0.995859
0.999997
0.409876
0.99862
0.999971
0.000001
0.000001
0.987365
0.998027
0.828565
0.000001
0.000001
0.862397
0.60318
0.000001
0.000001
0.000001
0.927306
0.000001
0.000001
0.299563
0.158524
0.999961
0.996425
0.061551
0.761347
0.501928
0.998956
0.225703
0.996899
0.908069
0.960117
0.8309
0.999994
0.383903
0.740801
0.81265
0.946503
0.452479
0.999993
0.956171
0.120048
0.23919
0.796259
0.998106
0.824751
0.000001
0.877914
0.171358
0.000001
0.999992
0.000001
0.000001
0.000001
0.690869
0.99988
0.956352
0.093132
0.062679
0.9991
0.314145
0.342128
0.206899
0.874835
0.999294
0.990892
0.000001
0.989225
0.998401
0.484563
0.983455
0.999603
0.000001
0.999992
0.994416
0.716706
0.000001
0.225861
0.000001
0.534146
0.000001
0.568244
0.528208
0.554498
0.999968
0.992372
0.857657
0.469127
0.439264
0.983725
0.571679
0.999995
0.000001
0.99997
0.000001
0.949423
0.767473
0.999154
0.173035
0.99505
0.000001
0.880082
0.977301
0.980421
0.093368
0.998886
0.988657
0.846674
0.000001
0.000001
0.000001
0.000001
0.99886
0.000001
0.000001
0.971061
0.586842
0.995558
0.986293
0.471866
0.118733
0.000001
0.460212
0.999987
0.999954
0.98199
0.000001
0.979993
0.272709
0.487431
0.9909
0.997792
0.889316
0.999839
0.199698
0.959963
0.000001
0.000001
0.450242
0.000001
0.998744
0.084796
0.000001
0.000001
0.986182
0.146668
0.920561
0.286808
0.000001
0.961287
0.636064
0.902794
0.101743
0.999997
0.997894
0.000001
0.000001
0.890361
0.999732
0.000001
0.992599
0.000001
0.999997
0.000001
0.000001
0.232863
0.964715
0.000001
0.98939
0.000001
0.970783
0.999881
0.158709
0.73363
0.476511
0.882822
0.000001
0.82106
0.000001
0.962123
0.000001
0.626846
0.326778
0.053445
0.999986
0.749958
0.000001
0.998674
0.998204
0.676109
0.47921
0.000001
0.176228
0.987931
0.080021
0.732449
0.000001
0.14947
0.787103
0.470632
0.000001
0.000001
0.07537
0.000001
0.000001
0.586285
0.558772
0.710222
0.999112
0.99328
0.915969
0.615117
0.297108
0.999992
0.071029
0.000001
0.075008
0.000001
0.149771
0.940058
0.239475
0.000001
0.93929
0.988077
0.998583
0.000001
0.997105
0.000001
0.066575
0.000001
0.223601
0.000001
0.999689
0.000001
0.119134
0.000001
0.99938
0.135961
0.280285
0.138954
0.996149
0.986041
0.723107
0.687883
0.000001
0.363742
0.999987
0.482794
0.999982
0.000001
0.089314
0.353332
0.999975
0.07875
0.37269
0.000001
0.053504
0.000001
0.000001
0.999979
0.999968
0.137285
0.063966
0.094859
0.788158
0.000001
0.000001
0.000001
0.000001
0.000001
0.000001
0.638206
0.086908
0.054208
0.000001
0.991831
0.080408
0.689442
0.230941
0.588576
0.985629
0.09921
0.000001
0.389645
0.506911
0.210568
0.999475
0.746216
0.222986
0.451745
0.000001
0.216499
0.000001
0.996938
0.000001
0.999991
0.999988
0.806765
0.962373
0.172432
0.082439
0.000001
0.999926
0.057174
0.087051
0.148118
0.000001
0.0602
0.929875
0.000001
0.089002
0.051732
0.000001
0.457896
0.99283
0.999365
0.879411
0.604877
0.20899
0.986945
0.41946
0.408608
0.980808
0.000001
0.997502
0.146085
0.999372
0.000001
0.996888
0.175357
0.998737
0.000001
0.999538
0.000001
0.090581
0.942781
0.356026
0.999902
0.10145
0.108599
0.164573
0.989355
0.146269
0.58945
0.450462
0.05418
0.000001
0.093276
0.700611
0.350677
0.999674
0.000001
0.997617
0.62532
0.999997
0.490065
0.000001
0.875801
0.791653
0.371055
0.828242
0.993932
0.106671
0.452406
0.44562
0.071769
0.071596
0.811335
0.99999
0.79486
0.000001
0.646154
0.000001
0.292256
0.000001
0.998988
0.955898
0.062707
0.997931
0.38555
0.000001
0.482256
0.000001
0.255273
0.000001
0.999488
0.999425
0.726298
0.431091
0.999975
0.677495
0.978605
0.873709
0.999874
0.000001
0.000001
0.634417
0.199016
0.999888
0.956924
0.054162
0.441111
0.000001
0.000001
0.208656
0.000001
0.999937
0.997628
0.585869
0.342346
0.365514
0.995786
0.000001
0.997515
0.545342
0.000001
0.087848
0.091115
0.083391
0.000001
0.084733
0.999875
0.071809
0.122415
0.053518
0.000001
0.099504
0.995024
0.081175
0.31835
0.47554
0.000001
0.999616
0.000001
0.000001
0.999988
0.451933
0.988707
0.999952
0.444871
0.720271
0.890605
0.052343
0.976828
0.343032
0.132727
0.435509
0.118859
0.406106
0.967785
0.183212
0.960972
0.923158
0.000001
0.98538
0.226979
0.997381
0.174975
0.997465
0.793571
0.93656
0.991911
0.000001
0.000001
0.160245
0.000001
0.000001
0.855806
0.085731
0.050893
0.000001
0.995743
0.995477
0.999732
0.339407
0.123668
0.083082
